t=1, z=[42, 44]
t=2, z=[20, 23, 24, 26, 34, 40, 41, 51]
t=3, z=[20, 23, 25,26,29,30,40, 41, 45, 51, 53]
t=4, z=[22, 23, 28, 29, 31, 40*, 44, 51, 54]
t=5, z=[20, 22, 23, 26, 29, 30, 32, 36, 39, 40, 41, 44, 52, 53]
t=6, z=[20, 22, 28, 34*, 38, 42, 43*, 46, 51, 54]
t=7, z=[19, 20, 22, 26, 27, 28, 34, 37, 38, 39, 43, 45, 46, 54]
t=8, z=[21, 23, 25, 27, 28, 30, 37, 39, 41, 43, 45, 46, 54]
t=9, z=[21, 23, 26*, 27, 28, 37, 38, 39, 44, 47, 51, 52]
t=10, z=[18*, 21, 22, 25, 26, 27, 28*, 37, 40, 44, 48, 49, 53]
t=11, z=[20, 21, 23, 24, 27, 28, 29, 30*, 37, 40, 41, 48, 50, 54]
t=12, z=[22, 23, 24, 25, 26, 27, 28, 29, 33, 37, 39, 40, 47, 49, 52, 54]
t=13, z=[18, 20, 22, 24, 25, 34, 38, 40, 41, 42, 43, 50, 51, 53, 55]
t=14, z=[23, 24, 25, 26, 27, 28, 33, 34, 37, 40, 41, 44, 47*, 50, 51, 52]
t=15, z=[22, 26, 27, 36, 40, 43, 46, 48*, 50, 51, 52]
t=16, z=[20*, 22, 28, 37, 38, 40, 42, 45, 46, 47, 48, 50, 51]
t=17, z=[21, 22, 28, 30*, 34, 37, 39, 40, 44, 46, 47, 48]
t=18, z=[21, 22, 25, 26, 27, 28, 30, 38, 40, 44, 48, 49, 53]

