5 unmatched

(450, 486, 20) [(450, 486, 20, 0.0)]
(444, 484, 20) [(444, 483, 21, 1.1978241142570358)]
(443, 467, 20) []
(507, 482, 28) [(507, 482, 29, 0.6593804733957871)]
(501, 476, 29) [(502, 476, 29, 1.0)]
(502, 482, 46) [(502, 482, 46, 0.0)]
(531, 510, 36) [(531, 510, 37, 0.6593804733957871)]
(525, 506, 37) [(526, 507, 38, 1.5603789952109879)]
(503, 499, 46) [(503, 499, 47, 0.6593804733957871)]
(505, 509, 51) [(505, 510, 51, 1.0)]
(499, 508, 52) [(499, 509, 52, 1.0)]
(463, 467, 26) [(463, 467, 26, 0.0)]
(455, 464, 27) [(455, 465, 27, 1.0)]
(481, 466, 28) [(480, 467, 28, 1.4142135623730951)]
(491, 491, 28) [(491, 491, 28, 0.0)]
(443, 472, 29) [(442, 473, 30, 1.5603789952109879)]
(439, 477, 29) [(439, 477, 29, 0.0)]
(484, 489, 29) [(484, 490, 29, 1.0)]
(474, 463, 30) [(474, 464, 30, 1.0)]
(487, 487, 37) [(487, 487, 37, 0.0)]
(439, 458, 37) [(439, 459, 37, 1.0)]
(483, 484, 40) [(483, 484, 39, 0.6593804733957871)]
(457, 521, 21) [(457, 522, 21, 1.0)]
(450, 518, 23) [(450, 518, 24, 0.6593804733957871)]
(458, 544, 24) [(458, 544, 24, 0.0)]
(438, 508, 26) [(438, 508, 26, 0.0)]
(461, 514, 29) [(460, 514, 29, 1.0)]
(454, 509, 29) [(454, 510, 29, 1.0)]
(450, 538, 31) [(449, 538, 31, 1.0)]
(477, 506, 37) [(479, 507, 39, 2.5959835197440313)]
(435, 511, 35) [(435, 512, 35, 1.0)]
(472, 501, 37) [(472, 501, 37, 0.0)]
(428, 511, 36) [(429, 511, 36, 1.0)]
(456, 515, 37) [(456, 516, 38, 1.1978241142570358)]
(457, 547, 37) [(457, 547, 38, 0.6593804733957871)]
(467, 551, 39) [(467, 551, 39, 0.0)]
(472, 551, 38) [(472, 551, 38, 0.0)]
(489, 504, 39) [(489, 504, 40, 0.6593804733957871)]
(452, 544, 39) [(452, 544, 39, 0.0)]
(474, 506, 43) [(474, 506, 43, 0.0)]
(461, 548, 47) [(461, 548, 47, 0.0)]
(467, 540, 46) [(466, 541, 48, 1.933683126777138)]
(460, 538, 48) [(460, 539, 48, 1.0)]
(454, 544, 49) [(454, 545, 48, 1.1978241142570358)]
(465, 529, 50) [(465, 530, 50, 1.0)]
(464, 518, 53) [(464, 518, 53, 0.0)]
(469, 522, 52) [(469, 522, 52, 0.0)]
(441, 493, 22) [(441, 494, 22, 1.0)]
(500, 468, 44) [(500, 469, 46, 1.6550318531021115)]
(470, 474, 26) [(471, 475, 26, 1.4142135623730951)]
(467, 474, 28) [(472, 474, 26, 5.170989309095757)]
(487, 467, 32) [(487, 467, 34, 1.3187609467915742)]
(480, 465, 34) [(482, 465, 35, 2.1058923544891015)]
(477, 456, 46) [(475, 456, 47, 2.1058923544891015)]
(484, 459, 45) [(481, 458, 46, 3.230291412348993)]
(459, 471, 45) [(460, 471, 46, 1.1978241142570358)]
(456, 469, 48) [(456, 469, 48, 0.0)]
(455, 541, 26) [(454, 542, 26, 1.4142135623730951)]
(458, 540, 29) [(456, 540, 29, 2.0)]
(472, 530, 36) [(471, 529, 38, 1.933683126777138)]
(458, 521, 36) [(463, 522, 37, 5.141476695337212)]
(468, 523, 38) [(466, 523, 38, 2.0)]
(475, 530, 41) [(472, 528, 37, 4.467272292924446)]
(481, 531, 40) []
(468, 531, 47) [(471, 531, 47, 3.0)]
(496, 479, 47) [(497, 479, 48, 1.1978241142570358)]
(495, 492, 48) [(498, 493, 47, 3.230291412348993)]
(437, 507, 24) [(433, 505, 27, 4.890096469218258)]
(455, 532, 35) [(454, 530, 38, 2.9854720695831123)]
(454, 533, 38) []
(496, 534, 22) [(490, 533, 24, 6.224076673273122)]
(440, 475, 37) []
(438, 472, 40) [(435, 477, 39, 5.868115763061909)]
(479, 501, 40) [(482, 505, 40, 5.0)]
(497, 532, 22) []
(473, 500, 26) [(477, 506, 26, 7.211102550927978)]
(471, 500, 28) []
(467, 496, 42) []
(443, 458, 36) []
